#ifndef PROB_RAM_INV_H
#define PROB_RAM_INV_H

#include "hls_types_sync.hpp"
const kcf_data_t prob_ram_inv_dat[]={
 4.021284 ,
-3.971986 ,
 3.827696 ,
-3.598787 ,
 3.301178 ,
-2.954527 ,
 2.580117 ,
-2.198776 ,
 1.829112 ,
-1.486266 ,
 1.181302 ,
-0.921207 ,
 0.709416 ,
-0.546685 ,
 0.432133 ,
-0.364261 ,
 0.341799 ,
-0.364261 ,
 0.432133 ,
-0.546685 ,
 0.709416 ,
-0.921207 ,
 1.181302 ,
-1.486266 ,
 1.829112 ,
-2.198776 ,
 2.580117 ,
-2.954527 ,
 3.301178 ,
-3.598787 ,
 3.827696 ,
-3.971986 ,
-3.301192 ,
 3.260722 ,
-3.142270 ,
 2.954351 ,
-2.710036 ,
 2.425460 ,
-2.118095 ,
 1.805041 ,
-1.501573 ,
 1.220120 ,
-0.969766 ,
 0.756246 ,
-0.582380 ,
 0.448790 ,
-0.354751 ,
 0.299033 ,
-0.280593 ,
 0.299033 ,
-0.354751 ,
 0.448790 ,
-0.582380 ,
 0.756246 ,
-0.969766 ,
 1.220120 ,
-1.501573 ,
 1.805041 ,
-2.118095 ,
 2.425460 ,
-2.710036 ,
 2.954351 ,
-3.142270 ,
 3.260722 ,
 1.829108 ,
-1.806685 ,
 1.741054 ,
-1.636933 ,
 1.501563 ,
-1.343887 ,
 1.173584 ,
-1.000129 ,
 0.831984 ,
-0.676039 ,
 0.537323 ,
-0.419017 ,
 0.322683 ,
-0.248663 ,
 0.196558 ,
-0.165686 ,
 0.155470 ,
-0.165686 ,
 0.196558 ,
-0.248663 ,
 0.322683 ,
-0.419017 ,
 0.537323 ,
-0.676039 ,
 0.831984 ,
-1.000129 ,
 1.173584 ,
-1.343887 ,
 1.501563 ,
-1.636933 ,
 1.741054 ,
-1.806685 ,
-0.709424 ,
 0.700728 ,
-0.675272 ,
 0.634889 ,
-0.582385 ,
 0.521230 ,
-0.455178 ,
 0.387902 ,
-0.322687 ,
 0.262203 ,
-0.208402 ,
 0.162517 ,
-0.125153 ,
 0.096445 ,
-0.076236 ,
 0.064262 ,
-0.060299 ,
 0.064262 ,
-0.076236 ,
 0.096445 ,
-0.125153 ,
 0.162517 ,
-0.208402 ,
 0.262203 ,
-0.322687 ,
 0.387902 ,
-0.455178 ,
 0.521230 ,
-0.582385 ,
 0.634889 ,
-0.675272 ,
 0.700728 ,
 0.341792 ,
-0.337602 ,
 0.325338 ,
-0.305882 ,
 0.280586 ,
-0.251123 ,
 0.219299 ,
-0.186887 ,
 0.155467 ,
-0.126327 ,
 0.100406 ,
-0.078299 ,
 0.060297 ,
-0.046466 ,
 0.036730 ,
-0.030961 ,
 0.029052 ,
-0.030961 ,
 0.036730 ,
-0.046466 ,
 0.060297 ,
-0.078299 ,
 0.100406 ,
-0.126327 ,
 0.155467 ,
-0.186887 ,
 0.219299 ,
-0.251123 ,
 0.280586 ,
-0.305882 ,
 0.325338 ,
-0.337602 ,
-0.709424 ,
 0.700728 ,
-0.675272 ,
 0.634889 ,
-0.582385 ,
 0.521230 ,
-0.455178 ,
 0.387902 ,
-0.322687 ,
 0.262203 ,
-0.208402 ,
 0.162517 ,
-0.125153 ,
 0.096445 ,
-0.076236 ,
 0.064262 ,
-0.060299 ,
 0.064262 ,
-0.076236 ,
 0.096445 ,
-0.125153 ,
 0.162517 ,
-0.208402 ,
 0.262203 ,
-0.322687 ,
 0.387902 ,
-0.455178 ,
 0.521230 ,
-0.582385 ,
 0.634889 ,
-0.675272 ,
 0.700728 ,
 1.829108 ,
-1.806685 ,
 1.741054 ,
-1.636933 ,
 1.501563 ,
-1.343887 ,
 1.173584 ,
-1.000129 ,
 0.831984 ,
-0.676039 ,
 0.537323 ,
-0.419017 ,
 0.322683 ,
-0.248663 ,
 0.196558 ,
-0.165686 ,
 0.155470 ,
-0.165686 ,
 0.196558 ,
-0.248663 ,
 0.322683 ,
-0.419017 ,
 0.537323 ,
-0.676039 ,
 0.831984 ,
-1.000129 ,
 1.173584 ,
-1.343887 ,
 1.501563 ,
-1.636933 ,
 1.741054 ,
-1.806685 ,
-3.301192 ,
 3.260722 ,
-3.142270 ,
 2.954351 ,
-2.710036 ,
 2.425460 ,
-2.118095 ,
 1.805041 ,
-1.501573 ,
 1.220120 ,
-0.969766 ,
 0.756246 ,
-0.582380 ,
 0.448790 ,
-0.354751 ,
 0.299033 ,
-0.280593 ,
 0.299033 ,
-0.354751 ,
 0.448790 ,
-0.582380 ,
 0.756246 ,
-0.969766 ,
 1.220120 ,
-1.501573 ,
 1.805041 ,
-2.118095 ,
 2.425460 ,
-2.710036 ,
 2.954351 ,
-3.142270 ,
 3.260722  };

#endif
